Number base p, equivalent base, base 10
10, 3, 3
101, 3, 10
1020, 3, 273
14, 4, 264
11, 5, 6
1200, 5, 175
202, 7, 100
30, 9, 27
12, 10, 12
22, 17, 36
13, 21, 24
500, 25, 3125
14, 44, 48
7000, 49, 823543
24, 70, 144
33, 71, 216
15, 91, 96
51, 97, 486
16, 186, 192
52, 194, 972
26, 285, 576
44, 323, 1296
17, 377, 384
36, 574, 1728
18, 760, 768
28, 1148, 2304
19, 1527, 1536
90, 2187, 19683
73, 2499, 17496
1A, 3062, 3072
484, 4049, 65610000
2A, 4603, 9216
39, 4605, 13824
48, 5182, 20736
1B, 6133, 6144
66, 7775, 46656
75, 9997, 69984
1C, 12276, 12288
58, 12440, 62208
2C, 18426, 36864
1D, 24563, 24576
3C, 36860, 110592
1E, 49138, 49152
2E, 73721, 147456
4C, 82941, 331776
A4, 94478, 944784
1F, 98289, 98304
1G, 196592, 196608
88, 209951, 1679616
B4, 257668, 2834352
2G, 294904, 589824
3F, 294907, 884736
A6, 377913, 3779136
1H, 393199, 393216
6C, 497662, 2985984
1483, 563785, 995085000
1I, 786414, 786432
10A8, 895978, 1986985728
99, 1119743, 10077696
2314, 1142620, 3398640
2I, 1179639, 2359296
4G, 1327100, 5308416
1J, 1572845, 1572864
40C, 1769283, 8704000
1H, 2097136, 2162688
111I, 2262498, 27525120
3I, 2359290, 7077888
20A2, 2438335, 468967158
7D, 2559413, 17915904
1K, 3145708, 3145728
24A, 3880398, 168729600
D5, 3924487, 51018336
2K, 4718582, 9437184
23A, 4725432, 1334910720
131C, 5381524, 36556800
E4, 5466250, 76527504
1L, 6291435, 6291456
2290, 6483105, 769769325
123A, 7211963, 804988800
11B2, 8423494, 228873924
4204, 8546490, 65297680
1D6, 8585045, 1734623424
6015, 8758573, 225853152
21K, 9363436, 909115392
4042, 9832793, 1006338762
52E, 10731518, 1996800000
109A, 12090303, 611380224
853, 12198505, 759375000
1M, 12582890, 12582912
213A, 13258897, 343816704
2248, 13797354, 293642496
141C, 14304708, 496128000
3111, 14950927, 328510
740, 15331495, 514921875
D7, 15697949, 204073344
1636, 16364585, 513000000
400C, 17308293, 9834496
2M, 18874357, 37748736
3L, 18874361, 56623104
1238, 19414776, 262569216
11H, 19922928, 36765696
102A, 20095862, 36644608
4K, 21233659, 84934656
1317, 22341611, 44044000
1339, 22605157, 111628800
21G, 23265264, 56819712
301E, 24284770, 45760512
1N, 25165801, 25165824
5J, 25480393, 127401984
12G, 27721712, 43450368
12I, 27735256, 356843520
1342, 28070854, 131059188
1N, 28879177, 138412032
6I, 31850493, 191102976
15G, 33690667, 1489010688
10N, 35220525, 41943040
1001, 37387085, 38
69, 37818620, 723849984
A32, 37913526, 1054687500
2544, 40301974, 1462050000
114E, 40908477, 255467520
3062, 43122987, 355864509
121G, 43620731, 317521920
415, 47067799, 10219040
10S, 47087254, 1342177280
42D, 47780010, 253440000
302G, 48963832, 1490485248
2L, 49701612, 449839104
2079, 50129407, 645345792
1O, 50331624, 50331648
5005, 52390663, 119860664
6042, 52502137, 165179196
5072, 52921126, 1083203604
8G, 53747710, 429981696
222A, 55581326, 360422400
1083, 55642265, 712539828
516, 57030252, 61710000
4078, 58906440, 1344252672
213C, 60459303, 678703104
121G, 61395307, 506920960
123A, 61856953, 1064194560
4410, 62011705, 52950625
102J, 62062959, 143130624
2A8, 62465458, 1284906240
C4, 62588603, 878176728
1074, 63559875, 377652132
4038, 65238204, 529820928
2136, 65462477, 73364928
BC, 65963100, 725594112
114E, 65972594, 1405071360
41F, 66334509, 710246400
10F, 66544434, 27258880
307A, 67278911, 768144384
123I, 68812797, 1238630400
103, 69170621, 220
1003, 69222993, 308
131F, 69782919, 1284096000
41G, 69858302, 532480000
2248, 70075944, 810950400
40C, 70498827, 263296000
3146, 74462806, 965030976
3125, 75218718, 184699152
1715, 75339212, 981750000
2O, 75497460, 150994944
201M, 77407458, 1673527296
1348, 78072166, 924768000
2193, 78315410, 721421316
15I, 80122966, 1082916864
2A, 80501323, 200991648
6104, 81753346, 1386615440
5128, 84588692, 193616640
4C, 84872221, 148482048
1287, 87219647, 808315200
E8, 87460004, 1224440064
1328, 89636455, 102752000
1078, 90923535, 652040928
220C, 91845929, 125685760
31E, 95251471, 241483776
3513, 96880717, 384037500
4103, 98175491, 17723656
